Product_Name,Days for shipping (real),Days for shipment (scheduled),Benefit per order,Sales per customer,Late_delivery_risk,Category Id,Customer Id,Customer Zipcode,Department Id,Latitude,Longitude,Order Customer Id,Order Id,Order Item Cardprod Id,Order Item Discount,Order Item Discount Rate,Order Item Id,Order Item Product Price,Order Item Profit Ratio,Order Item Quantity,Sales,Order Item Total,Order_Profit,Product Card Id,Product Category Id,Product Price,Product Status
Adult dog supplies,3.388211382113821,2.678861788617886,7.295243818321138,75.85020294010162,0.5894308943089431,72.0,17832.5,33899.721544715445,11.0,30.37017071380081,-83.64118589936992,17832.5,74279.5,1359.0,8.54979668312195,0.1015853663394309,177594.5,84.40000153,0.09410569099390244,1.0,84.40000153,75.85020294010162,7.295243818321138,1359.0,72.0,84.40000153,0.0
Baby sweater,3.1497584541062804,2.7053140096618358,7.367294648647343,52.93430020657004,0.5265700483091788,60.0,15745.342995169081,40337.09178743961,4.0,29.520237291980674,-86.94007195289855,15745.342995169081,72192.34299516908,1347.0,6.145700449333334,0.10429951742028987,175507.34299516908,59.08000183,0.13942029069082126,1.0,59.08000183,52.93430020657004,7.367294648647343,1347.0,60.0,59.08000183,0.0
Bag Boy Beverage Holder,3.6021505376344085,3.043010752688172,11.375555584333332,68.13609286763442,0.5555555555555556,35.0,6679.609318996416,36805.362007168456,6.0,29.886126146164877,-85.92012915519713,6679.609318996416,29121.8853046595,778.0,7.55068094518638,0.09978494668817205,72790.64874551972,24.98999977,0.1642652329283154,3.028673835125448,75.68655833831542,68.13609286763442,11.375555584333332,778.0,35.0,24.98999977,0.0
Bag Boy M330 Push Cart,3.391304347826087,2.898550724637681,43.03058032017391,217.12550736101448,0.5507246376811594,35.0,5914.159420289855,28632.159420289856,6.0,29.42797378956522,-81.05886564449276,5914.159420289855,62354.0,777.0,24.003768254,0.10362318862318841,155945.23188405798,79.98999786,0.1844927541594203,3.0144927536231885,241.1292743402899,217.12550736101448,43.03058032017391,777.0,35.0,79.98999786,0.0
Bowflex SelectTech 1090 Dumbbells,3.5,2.7,119.07799950200001,517.1899902,0.6,11.0,7944.3,35132.0,3.0,29.800454330999997,-82.170350646,7944.3,68746.6,226.0,82.8,0.1380000009,171873.7,599.9899902,0.2329999953,1.0,599.9899902,517.1899902,119.07799950200001,226.0,11.0,599.9899902,0.0
Bridgestone e6 Straight Distance NFL Carolina,3.6103896103896105,2.9805194805194803,10.35314935150974,86.24467513298701,0.5844155844155844,37.0,6056.941558441558,39157.204545454544,6.0,29.42917867207792,-87.22710782827923,6056.941558441558,27356.737012987014,835.0,10.140941640597402,0.1046753253474026,68372.3051948052,31.98999977,0.11779220858766233,3.012987012987013,96.38545384909091,86.24467513298701,10.35314935150974,835.0,37.0,31.98999977,0.0
Bridgestone e6 Straight Distance NFL San Dieg,3.503225806451613,2.893548387096774,6.515580604061291,83.22548403496774,0.5612903225806452,37.0,6384.551612903226,36960.15483870968,6.0,29.472057441290325,-85.20167911625806,6384.551612903226,28837.87419354839,828.0,10.268096847641935,0.10864516181935484,72082.73870967742,31.98999977,0.1092903214,2.92258064516129,93.49335426264517,83.22548403496774,6.515580604061291,828.0,37.0,31.98999977,0.0
Bridgestone e6 Straight Distance NFL Tennesse,3.6614785992217898,2.9883268482490273,9.189688609077821,90.17396888361868,0.5680933852140078,37.0,6373.011673151751,35701.99610894942,6.0,29.10648723785992,-85.040058507393,6373.011673151751,30409.929961089496,825.0,10.028404739319065,0.09957198511284046,76007.33852140077,31.98999977,0.11268482543190662,3.132295719844358,100.20213912821012,90.17396888361868,9.189688609077821,825.0,37.0,31.98999977,0.0
Brooks Women's Ghost 6 Running Shoe,3.4545454545454546,2.9545454545454546,39.49772734165151,257.1046984131818,0.48484848484848486,12.0,6154.181818181818,33350.681818181816,3.0,28.94493224439394,-83.28520630530303,6154.181818181818,62835.666666666664,251.0,31.95424231078788,0.11469697027272727,157136.87878787878,89.98999786,0.11818182106060607,3.212121212121212,289.0587884139394,257.1046984131818,39.49772734165151,251.0,12.0,89.98999786,0.0
Bushnell Pro X7 Jolt Slope Rangefinder,3.3636363636363638,2.8181818181818183,-23.268182065454535,551.1718083818182,0.5454545454545454,38.0,7506.272727272727,22893.363636363636,6.0,28.058978513636365,-74.62366208090909,7506.272727272727,68793.0,860.0,48.81818181818182,0.08181818209090909,171987.72727272726,599.9899902,-0.024545452272727277,1.0,599.9899902,551.1718083818182,-23.268182065454535,860.0,38.0,599.9899902,0.0
CDs of rock,3.4538745387453873,2.992619926199262,1.4164206628671587,10.147712169501844,0.5202952029520295,61.0,15401.188191881918,36629.568265682654,9.0,30.26889465317343,-85.15708926180811,15401.188191881918,71848.18819188191,1348.0,1.1422878175166054,0.10147601526199262,175163.18819188193,11.28999996,0.135904059402214,1.0,11.28999996,10.147712169501844,1.4164206628671587,1348.0,61.0,11.28999996,0.0
Children's heaters,3.607361963190184,3.0276073619631902,41.684201835694786,320.9637738579754,0.5337423312883436,63.0,14627.739263803682,37622.00153609831,4.0,29.696641515920245,-85.83009860412577,14627.739263803682,71074.73926380368,1350.0,36.13789814021933,0.10147239313496932,174389.73926380367,357.1000061,0.12966257637423315,1.0,357.1000061,320.9637738579754,41.684201835694786,1350.0,63.0,357.1000061,0.0
Cleveland Golf Collegiate My Custom Wedge 588,3.5692307692307694,3.1076923076923078,14.693845258400001,187.55230829692306,0.5538461538461539,31.0,6335.384615384615,29610.076923076922,6.0,27.54420500569231,-80.50873812446154,6335.384615384615,62174.73846153846,671.0,22.43769217256923,0.1070769236,155488.6769230769,209.9900055,0.08461538509230769,1.0,209.9900055,187.55230829692306,14.693845258400001,671.0,31.0,209.9900055,0.0
Cleveland Golf Women's 588 RTX CB Satin Chrom,3.557142857142857,3.1142857142857143,5.2944286559142855,107.68999873285713,0.5,32.0,6265.657142857143,25539.257142857143,6.0,28.768096869857143,-80.15030942571428,6265.657142857143,62574.357142857145,705.0,12.300000047542857,0.10271428624285714,156477.82857142857,119.9899979,0.0521428547,1.0,119.9899979,107.68999873285713,5.2944286559142855,705.0,32.0,119.9899979,0.0
Clicgear 8.0 Shoe Brush,3.575438596491228,2.9719298245614034,2.861543875052632,27.93508754751228,0.5368421052631579,35.0,6218.828070175438,35528.40701754386,6.0,30.008753780491226,-84.94720949638597,6218.828070175438,28164.43859649123,775.0,3.1918947026982454,0.10228070225964912,70396.03157894737,9.989999771,0.1257192989368421,3.1157894736842104,31.1267366216,27.93508754751228,2.861543875052632,775.0,35.0,9.989999771,0.0
Clicgear Rovic Cooler Bag,3.4401408450704225,2.813380281690141,10.432957635422534,109.26919100880282,0.5774647887323944,35.0,6116.693661971831,36375.70070422535,6.0,29.79682624919014,-85.32620562440141,6116.693661971831,29974.024647887323,771.0,12.81320436628169,0.10478873283098591,74912.93309859154,39.99000168,0.10000000119366197,3.0528169014084505,122.08214950204226,109.26919100880282,10.432957635422534,771.0,35.0,39.99000168,0.0
Columbia Men's PFG Anchor Tough T-Shirt,3.4802631578947367,2.950657894736842,8.075000106226975,82.65888172065789,0.5328947368421053,29.0,6081.006578947368,38527.32236842105,5.0,30.22844332835526,-86.29791917276316,6081.006578947368,30285.026315789473,642.0,8.92006581661513,0.09901315828289474,75695.32236842105,30.0,0.1066118411381579,3.0526315789473686,91.57894736842105,82.65888172065789,8.075000106226975,642.0,29.0,30.0,0.0
DVDs ,3.6438923395445135,3.113871635610766,13.779358360732918,147.65917119337476,0.5362318840579711,67.0,15941.175983436853,36417.2049689441,9.0,29.876168766811595,-84.96648433830228,15941.175983436853,72388.17598343686,1354.0,16.721387182194615,0.10198757814492754,175703.17598343684,164.3800049,0.09648033086542443,1.0,164.3800049,147.65917119337476,13.779358360732918,1354.0,67.0,164.3800049,0.0
Dell Laptop,3.6153846153846154,3.160633484162896,157.59459314733033,1347.0475113122172,0.5067873303167421,64.0,15032.649321266968,35363.74660633484,10.0,30.012017539457016,-84.04663439866515,15032.649321266968,71479.64932126697,1351.0,152.95248868778282,0.10223981951357465,174794.64932126697,1500.0,0.11705882384615385,1.0,1500.0,1347.0475113122172,157.59459314733033,1351.0,64.0,1500.0,0.0
Diamondback Boys' Insight 24 Performance Hybr,3.6551724137931036,2.9310344827586206,59.68310336206896,264.3520649689655,0.6206896551724138,4.0,5930.103448275862,26097.344827586207,2.0,31.44318041413793,-79.40964323931034,5930.103448275862,67975.8275862069,58.0,35.63793103448276,0.11896551779310345,169942.8275862069,299.9899902000001,0.22551724331034484,1.0,299.9899902000001,264.3520649689655,59.68310336206896,58.0,4.0,299.9899902000001,0.0
Diamondback Girls' Clarity 24 Hybrid Bike 201,3.0714285714285716,3.0357142857142856,10.15785725192857,272.29356545357143,0.42857142857142855,4.0,8007.0,44305.17857142857,2.0,30.0937847425,-87.83052035642856,8007.0,68084.57142857143,61.0,27.696428571428573,0.09250000042857143,170220.0357142857,299.9899902,0.03785714432142857,1.0,299.9899902,272.29356545357143,10.15785725192857,61.0,4.0,299.9899902,0.0
Diamondback Women's Serene Classic Comfort Bi,3.498215456333309,2.9468278825843104,31.135229667545413,269.559591263639,0.5453419768373516,43.0,6220.33032267463,36670.7725981499,7.0,29.84367480164615,-85.3204481860842,6220.33032267463,34689.61271760507,957.0,30.420970209046544,0.1016811134727948,86717.88964964674,299.980011,0.11594726500597276,1.0,299.980011,269.559591263639,31.135229667545413,957.0,43.0,299.980011,0.0
ENO Atlas Hammock Straps,3.455108359133127,2.8173374613003097,6.6240866429907115,83.20674917117647,0.5820433436532507,44.0,6398.318885448916,34874.35294117647,7.0,30.172736053188856,-84.19765788925696,6398.318885448916,28453.142414860682,977.0,9.456099067770898,0.1025387002105263,71115.77399380805,29.989999769999997,0.07476780240247678,3.0897832817337463,92.6625998209288,83.20674917117647,6.6240866429907115,977.0,44.0,29.989999769999997,0.0
Elevation Training Mask 2.0,3.554054054054054,3.0405405405405403,44.58878351331081,225.04148448635135,0.5,2.0,5963.256756756757,33415.59459459459,2.0,28.835407747702707,-85.98718612567568,5963.256756756757,62015.82432432433,24.0,24.657297387,0.09864864924324324,155097.2837837838,79.98999786,0.19405405294594594,3.1216216216216215,249.6985131310811,225.04148448635135,44.58878351331081,24.0,2.0,79.98999786,0.0
Field & Stream Sportsman 16 Gun Fire Safe,3.502049062049062,2.9468975468975467,43.649106331284386,359.4190643904993,0.5492640692640692,45.0,6243.984415584416,35888.05668109668,7.0,29.69050199236768,-84.87296956928081,6243.984415584416,34606.37875901876,1004.0,40.56150072150072,0.10168138578158731,86509.36311688312,399.980011,0.12144935061085137,1.0,399.980011,359.4190643904993,43.649106331284386,1004.0,45.0,399.980011,0.0
Fighting video games,3.590692124105012,3.0143198090692125,3.2428639579188543,35.703102468770886,0.5429594272076372,75.0,19275.497613365154,37881.35005973715,9.0,29.45653398115752,-86.03707111853223,19275.497613365154,75722.49761336515,1362.0,4.048556073649165,0.10208830599045346,179037.49761336515,39.75,0.09169451060859189,1.0,39.75,35.703102468770886,3.2428639579188543,1362.0,75.0,39.75,0.0
First aid kit,3.458563535911602,2.925414364640884,26.22549716647514,263.4201941654696,0.5580110497237569,69.0,16817.016574585636,34783.27900552486,12.0,29.598901749116024,-84.6415347956906,16817.016574585636,73264.01657458564,1356.0,29.619806654005526,0.10135359165745855,176579.01657458564,293.0400085,0.09558011056077348,1.0,293.0400085,263.4201941654696,26.22549716647514,1356.0,69.0,293.0400085,0.0
Fitbit The One Wireless Activity & Sleep Trac,3.5161290322580645,3.032258064516129,33.67774096693549,270.3088676820968,0.5161290322580645,38.0,5291.951612903225,31516.645161290322,6.0,29.908153042258064,-82.91929048241936,5291.951612903225,63241.98387096774,295.0,31.154193446290325,0.11080645212903226,158141.16129032258,99.94999695,0.11322580543548387,3.0161290322580645,301.4620939701613,270.3088676820968,33.67774096693549,295.0,38.0,99.94999695,0.0
Garmin Approach S3 Golf GPS Watch,3.74025974025974,3.038961038961039,31.588701116506495,223.8861093961039,0.6103896103896104,41.0,6009.285714285715,40696.805194805194,6.0,30.66214219662338,-89.45187853571429,6009.285714285715,62707.05194805195,607.0,26.103896103896105,0.10467532529870131,156816.7012987013,249.99000550000002,0.1385714293116883,1.0,249.99000550000002,223.8861093961039,31.588701116506495,607.0,41.0,249.99000550000002,0.0
Garmin Approach S4 Golf GPS Watch,3.8055555555555554,2.9166666666666665,33.580555899972225,272.53166111666667,0.5277777777777778,38.0,6160.083333333333,39937.055555555555,6.0,30.603691578611112,-87.45445039805556,6160.083333333333,68055.75,845.0,27.458333333333332,0.09194444433333333,170146.75,299.9899902,0.11888888697222222,1.0,299.9899902,272.53166111666667,33.580555899972225,845.0,38.0,299.9899902,0.0
Garmin Forerunner 910XT GPS Watch,3.6857142857142855,3.142857142857143,11.175142560857141,359.81856162857144,0.5428571428571428,38.0,6499.885714285714,27540.02857142857,6.0,28.157362856571428,-80.17068590771429,6499.885714285714,67987.97142857143,303.0,40.17142857142857,0.1008571430857143,169974.62857142856,399.9899902,0.03857142771428572,1.0,399.9899902,359.81856162857144,11.175142560857141,303.0,38.0,399.9899902,0.0
Glove It Imperial Golf Towel,3.4900662251655628,2.9139072847682117,5.503377481665563,44.38215224155629,0.5463576158940397,41.0,6406.867549668874,38007.4238410596,6.0,29.866175885728477,-86.51166180711921,6406.867549668874,28665.380794701985,926.0,4.858741727357616,0.098377484,71645.16887417219,15.98999977,0.10917218500662253,3.0794701986754967,49.24072777695364,44.38215224155629,5.503377481665563,926.0,41.0,15.98999977,0.0
Glove It Urban Brick Golf Towel,3.6066666666666665,2.9966666666666666,5.210666654110001,42.2773666447,0.5466666666666666,41.0,6520.44,35385.46,6.0,29.063588295566667,-84.7625340784,6520.44,28297.92,924.0,4.893433341386667,0.10466666708666668,70735.11,15.98999977,0.12859999991,2.95,47.17049931086667,42.2773666447,5.210666654110001,924.0,41.0,15.98999977,0.0
Glove It Women's Imperial Golf Glove,3.550488599348534,2.990228013029316,6.91514660267101,55.108794426742676,0.5244299674267101,36.0,6259.804560260586,37806.41693811075,6.0,30.650265684918566,-85.47656786980455,6259.804560260586,27366.048859934854,804.0,6.163680769276873,0.09980456068403909,68405.31270358305,19.98999977,0.13543973997719871,3.0651465798045603,61.27227945846906,55.108794426742676,6.91514660267101,804.0,36.0,19.98999977,0.0
Glove It Women's Mod Oval 3-Zip Carry All Gol,3.5694915254237287,2.8779661016949154,7.653627129698305,62.17522057342372,0.5627118644067797,41.0,6001.040677966102,32905.467796610166,6.0,29.69742585555932,-83.79287202464407,6001.040677966102,28870.29152542373,917.0,7.1494576276949156,0.10372881410847458,72161.97966101694,21.98999977,0.1398644068305085,3.152542372881356,69.3244059220678,62.17522057342372,7.653627129698305,917.0,41.0,21.98999977,0.0
Glove It Women's Mod Oval Golf Glove,3.306859205776173,2.8339350180505414,8.687978351880865,51.807219804620935,0.51985559566787,36.0,6359.03249097473,37438.50902527076,6.0,29.86720512140794,-85.09989557465704,6359.03249097473,30183.389891696752,810.0,6.070252680382672,0.10660649885198556,75443.20938628158,19.98999977,0.16714801490252706,2.895306859205776,57.87718347205776,51.807219804620935,8.687978351880865,810.0,36.0,19.98999977,0.0
GoPro HERO3+ Black Edition Camera,3.75,3.15625,7.675939097406246,362.5524902,0.65625,10.0,7268.90625,31781.0,3.0,26.7707415234375,-82.90139603625,7268.90625,68077.8125,203.0,37.4375,0.0937500006875,170199.21875,399.9899902,0.015000001374999995,1.0,399.9899902,362.5524902,7.675939097406246,203.0,10.0,399.9899902,0.0
GolfBuddy VT3 GPS Watch,3.694915254237288,3.0,9.644406951050847,180.2950902457627,0.5084745762711864,38.0,5723.322033898305,44314.15254237288,6.0,31.011148970169494,-88.82309567508474,5723.322033898305,62576.457627118645,858.0,19.694915254237287,0.09881356003389831,156485.05084745763,199.99000550000002,0.06135593203389831,1.0,199.99000550000002,180.2950902457627,9.644406951050847,858.0,38.0,199.99000550000002,0.0
Hirzl Men's Hybrid Golf Glove,3.3297872340425534,2.882978723404255,4.1690071146631205,41.214325795992906,0.5390070921985816,36.0,6462.787234042553,33638.87234042553,6.0,29.780304503510635,-83.80457070528368,6462.787234042553,29220.978723404256,792.0,4.712588615524822,0.10287234081205673,73034.25886524822,14.98999977,0.08117021310638298,3.0638297872340425,45.926807828120566,41.214325795992906,4.1690071146631205,792.0,36.0,14.98999977,0.0
Hirzl Women's Hybrid Golf Glove,3.7138263665594855,3.1511254019292605,3.8367845842025727,38.632732684855306,0.5305466237942122,36.0,6116.048231511254,35655.48231511254,6.0,29.17578763501608,-85.70366622163986,6116.048231511254,27630.646302250803,793.0,4.168617333411576,0.09826366616720257,69056.5080385852,14.98999977,0.11353697738585208,2.855305466237942,42.80102833932476,38.632732684855306,3.8367845842025727,793.0,36.0,14.98999977,0.0
Hirzl Women's Soffft Flex Golf Glove,3.6073825503355703,2.922818791946309,4.846476514785235,48.439698081577184,0.6140939597315436,36.0,5898.322147651007,34071.74496644295,6.0,29.678735241107383,-84.22081267731544,5898.322147651007,27514.734899328858,797.0,5.228657733419463,0.09812080580872483,68778.20469798657,17.98999977,0.0947651006409396,2.9832214765100673,53.668153710268456,48.439698081577184,4.846476514785235,797.0,36.0,17.98999977,0.0
Industrial consumer electronics,3.4315545243619487,2.793503480278422,30.68074228671694,227.23331743689096,0.5522041763341067,65.0,15785.596287703016,35254.66511627907,10.0,29.459679349791184,-84.38521979568445,15785.596287703016,72232.59628770301,1352.0,25.646682465192573,0.10169373599071926,175547.59628770303,252.8800049,0.13387470964733178,1.0,252.8800049,227.23331743689096,30.68074228671694,1352.0,65.0,252.8800049,0.0
LIJA Women's Argyle Golf Polo,3.1818181818181817,2.878787878787879,22.915606398121213,209.86060587424242,0.5,33.0,6635.909090909091,32682.348484848484,6.0,30.748831806969697,-83.87798968333333,6635.909090909091,62747.454545454544,730.0,26.503030323606062,0.11333333413636364,156919.0606060606,80.0,0.09393939192424242,2.9545454545454546,236.36363636363637,209.86060587424242,22.915606398121213,730.0,33.0,80.0,0.0
LIJA Women's Button Golf Dress,3.3026315789473686,2.776315789473684,15.218421164710527,96.91578915157895,0.5526315789473685,33.0,5738.578947368421,35776.02631578947,6.0,30.771270952631582,-84.45930882802632,5738.578947368421,62175.84210526316,725.0,11.084210740552631,0.10289473730263157,155492.36842105264,108.0,0.15605263293421054,1.0,108.0,96.91578915157895,15.218421164710527,725.0,33.0,108.0,0.0
LIJA Women's Eyelet Sleeveless Golf Polo,3.517799352750809,2.8867313915857604,21.852200912055014,178.50508099216827,0.5663430420711975,33.0,6287.177993527508,39121.3786407767,6.0,30.379107812135924,-86.50195683148867,6287.177993527508,28255.618122977347,728.0,20.491974070210357,0.10207119792880259,70617.08414239481,65.0,0.11469255657281553,3.0614886731391584,198.9967637540453,178.50508099216827,21.852200912055014,728.0,33.0,65.0,0.0
LIJA Women's Mid-Length Panel Golf Shorts,3.684931506849315,3.0273972602739727,40.88643877,275.7808219178082,0.5616438356164384,33.0,5814.191780821918,33854.90410958904,6.0,29.117202002054796,-85.74658370684932,5814.191780821918,62602.61643835616,724.0,35.178082191780824,0.11643835667123287,156547.35616438356,100.0,0.13808219127397262,3.1095890410958904,310.958904109589,275.7808219178082,40.88643877,724.0,33.0,100.0,0.0
Lawn mower,3.4979338842975207,2.9483471074380163,69.09712831847314,478.8542568008264,0.5578512396694215,68.0,16119.400826446281,35119.92148760331,6.0,29.88076379159091,-84.39700396291322,16119.400826446281,72566.40082644628,1355.0,53.726280120140494,0.1011570252892562,175881.40082644628,532.5800171,0.14252066191528925,1.0,532.5800171,478.8542568008264,69.09712831847314,1355.0,68.0,532.5800171,0.0
MDGolf Pittsburgh Penguins Putter,3.358490566037736,2.9056603773584904,28.92717027724528,196.00528142132075,0.5094339622641509,31.0,6104.396226415094,33077.84905660377,6.0,29.099172520566036,-83.06876330415095,6104.396226415094,62600.49056603773,691.0,22.835660380283016,0.09924528367924529,156544.09433962265,79.98999786,0.19226414898113206,2.7358490566037736,218.84056379547172,196.00528142132075,28.92717027724528,691.0,31.0,79.98999786,0.0
Men's gala suit,3.423076923076923,2.9086538461538463,9.644422929884616,189.25822111778845,0.5432692307692307,70.0,16432.889423076922,35033.0625,4.0,29.65727963846154,-84.27575533283654,16432.889423076922,72879.88942307692,1357.0,21.592355682903847,0.10269230820192309,176194.88942307694,210.8500061,0.05298076914423077,1.0,210.8500061,189.25822111778845,9.644422929884616,1357.0,70.0,210.8500061,0.0
Merrell Men's All Out Flash Trail Running Sho,3.4705882352941178,3.1294117647058823,16.844470724588234,98.3105877982353,0.4823529411764706,30.0,6776.552941176471,41053.17647058824,6.0,29.60998005658824,-86.89735933423529,6776.552941176471,62556.97647058823,666.0,11.679411770247059,0.10647058878823529,156437.2117647059,109.9899979,0.17658823412941177,1.0,109.9899979,98.3105877982353,16.844470724588234,666.0,30.0,109.9899979,0.0
Merrell Women's Grassbow Sport Hiking Shoe,3.7857142857142856,3.2285714285714286,25.98071389591429,266.6371411931429,0.5142857142857142,30.0,6004.242857142857,29540.2,6.0,28.167313385714287,-83.10169176671428,6004.242857142857,62870.94285714286,646.0,29.047714124,0.09600000065714286,157222.44285714286,99.98999786,0.10814285471428572,2.9571428571428573,295.6847141745714,266.6371411931429,25.98071389591429,646.0,30.0,99.98999786,0.0
Merrell Women's Grassbow Sport Waterproof Hik,3.1551724137931036,2.9827586206896552,17.753620532224136,118.27879254517241,0.43103448275862066,30.0,5814.862068965517,35905.05172413793,6.0,29.521042068103448,-84.94296869586208,5814.862068965517,62397.91379310345,652.0,11.711206892517241,0.0903448276551724,156053.77586206896,129.9900055,0.14931034284482758,1.0,129.9900055,118.27879254517241,17.753620532224136,652.0,30.0,129.9900055,0.0
Merrell Women's Siren Mid Waterproof Hiking B,3.3142857142857145,3.1142857142857143,17.68357145847143,121.45171410428573,0.4714285714285714,30.0,6238.957142857143,47159.97142857143,6.0,31.95749569014286,-92.379644884,6238.957142857143,62254.6,647.0,13.538285739028572,0.10057142907142858,155700.9714285714,134.9900055,0.14242857092857142,1.0,134.9900055,121.45171410428573,17.68357145847143,647.0,30.0,134.9900055,0.0
Mio ALPHA Heart Rate Monitor/Sport Watch,3.6417910447761193,2.955223880597015,18.532387662089555,179.48641717910448,0.6119402985074627,38.0,6269.194029850746,30856.089552238805,6.0,29.05461442313433,-81.60904010432836,6269.194029850746,62576.850746268654,305.0,19.51417910244776,0.09835820955223881,156486.223880597,199.0,0.10343283538805968,1.0,199.0,179.48641717910448,18.532387662089555,305.0,38.0,199.0,0.0
Nike Dri-FIT Crew Sock 6 Pack,3.4415584415584415,3.0162337662337664,6.965876630678571,56.55571436003246,0.5032467532467533,7.0,6375.25974025974,36265.003246753244,2.0,29.770143273993504,-85.31045140798702,6375.25974025974,27930.782467532466,135.0,6.515714304032468,0.10318181868506493,69810.01298701299,22.0,0.12402597453896104,2.866883116883117,63.07142857142857,56.55571436003246,6.965876630678571,135.0,7.0,22.0,0.0
Nike Kids' Grade School KD VI Basketball Shoe,3.6031746031746033,3.0634920634920637,31.379047277507933,265.1076172095238,0.6031746031746031,5.0,6099.825396825397,36606.23809523809,2.0,29.669780670793653,-87.13616144396826,6099.825396825397,62302.31746031746,78.0,30.10095208793651,0.09571428665079365,155815.07936507938,99.98999786,0.13730158725396827,2.9523809523809526,295.20857129523813,265.1076172095238,31.379047277507933,78.0,5.0,99.98999786,0.0
Nike Men's CJ Elite 2 TD Football Cleat,3.501258653241032,2.9370673379483954,14.020624841031108,116.80726515800683,0.5448619976625011,18.0,6227.971365638767,35717.67387395487,4.0,29.615591406864603,-84.76575384622808,6227.971365638767,34760.983053133146,403.0,13.182733934942416,0.10168344920875663,86895.97091611975,129.9900055,0.12012316819180976,1.0,129.9900055,116.80726515800683,14.020624841031108,403.0,18.0,129.9900055,0.0
Nike Men's Comfort 2 Slide,3.542682926829268,2.893292682926829,17.52432925727134,122.1884461782317,0.5579268292682927,6.0,6360.234756097561,33752.384146341465,2.0,30.10002871317073,-83.97969211,6360.234756097561,28987.192073170732,116.0,13.742042821817073,0.1022560978292683,72450.9481707317,44.99000168,0.13359756130182926,3.0213414634146343,135.93015434243904,122.1884461782317,17.52432925727134,116.0,6.0,44.99000168,0.0
Nike Men's Deutschland Weltmeister Winners Bl,3.446308724832215,2.7751677852348995,8.947885909812081,82.05453015040268,0.5671140939597316,26.0,6517.741610738255,35186.54697986577,5.0,30.10216576661074,-85.04741279731543,6517.741610738255,28924.691275167785,564.0,9.254194664379193,0.10016778593959733,72290.0067114094,30.0,0.11885906010738255,3.0436241610738257,91.30872483221476,82.05453015040268,8.947885909812081,564.0,26.0,30.0,0.0
Nike Men's Dri-FIT Victory Golf Polo,3.4847159496077964,2.925172331827906,16.658950775723792,134.47627763251722,0.5455669122890421,24.0,6170.190349417638,35908.15174708819,5.0,29.75364479462325,-84.93191109069218,6170.190349417638,34406.58787734728,502.0,15.16955074875208,0.10166912338954125,86008.82429284525,50.0,0.12219348704269074,2.9929165676253864,149.64582838126933,134.47627763251722,16.658950775723792,502.0,24.0,50.0,0.0
Nike Men's Fingertrap Max Training Shoe,3.890625,2.9375,9.412187085343751,113.38874819625,0.59375,2.0,5693.21875,41415.46875,2.0,29.79772099953125,-87.27413678578125,5693.21875,62942.296875,19.0,11.601249992875,0.09312500046875,157396.375,124.9899979,0.09156250087500001,1.0,124.9899979,113.38874819625,9.412187085343751,19.0,2.0,124.9899979,0.0
Nike Men's Free 5.0+ Running Shoe,3.493960062453776,2.9400115046429454,31.21997029365034,270.8269618430487,0.5447448434546799,9.0,6201.017750020544,35683.247678527405,3.0,29.813608413036405,-84.83169703132468,6201.017750020544,34196.97625112992,191.0,30.564761942816997,0.10169529181452872,85485.44342180951,99.98999786,0.11898183900805326,3.0142164516394114,301.39150272248827,270.8269618430487,31.21997029365034,191.0,9.0,99.98999786,0.0
Nike Men's Free TR 5.0 TB Training Shoe,3.6323529411764706,2.9705882352941178,10.506323231014706,272.3472048776471,0.5735294117647058,16.0,6035.205882352941,35224.23529411765,3.0,29.1699172475,-83.51863247088235,6035.205882352941,62647.76470588235,359.0,30.56426474617647,0.10941176511764705,156666.7794117647,99.98999786,0.06485294158823529,3.0294117647058822,302.9108818261765,272.3472048776471,10.506323231014706,359.0,16.0,99.98999786,0.0
Nike Men's Kobe IX Elite Low Basketball Shoe,3.3968253968253967,3.0317460317460316,17.153174343301586,179.14873565873015,0.49206349206349204,29.0,6259.952380952381,37222.53968253968,5.0,29.7647137115873,-86.02656082952382,6259.952380952381,62222.93650793651,625.0,20.841269841269842,0.10444444473015872,155619.33333333334,199.9900055,0.09650793760317461,1.0,199.9900055,179.14873565873015,17.153174343301586,625.0,29.0,199.9900055,0.0
Nike Women's Free 5.0 TR FIT PRT 4 Training S,3.557142857142857,2.8285714285714287,22.353571395471427,248.3511419057143,0.6,12.0,6797.928571428572,39267.74285714285,3.0,29.874055699142854,-86.31928961528571,6797.928571428572,63157.62857142857,258.0,31.191142555085715,0.10685714334285713,157929.15714285715,94.98999786,0.08842857165714285,2.942857142857143,279.54200024628574,248.3511419057143,22.353571395471427,258.0,12.0,94.98999786,0.0
Nike Women's Legend V-Neck T-Shirt,3.3978494623655915,2.860215053763441,9.937849443007169,64.67802860637993,0.5734767025089605,7.0,6405.702508960573,34704.08960573476,2.0,29.237172267419357,-84.11820163605735,6405.702508960573,27572.37275985663,134.0,7.096487457594982,0.0991397854265233,68911.55555555556,25.0,0.13992831549103943,2.870967741935484,71.7741935483871,64.67802860637993,9.937849443007169,134.0,7.0,25.0,0.0
Nike Women's Tempo Shorts,3.5440251572327046,2.9748427672955975,9.73358484678302,77.2245282104088,0.5534591194968553,9.0,5952.578616352202,34124.27358490566,3.0,29.363310784559747,-83.24614499720126,5952.578616352202,28618.43396226415,172.0,8.341509442654088,0.09993710747798742,71528.88679245283,30.0,0.11320754716981132,2.852201257861635,85.56603773584905,77.2245282104088,9.73358484678302,172.0,9.0,30.0,0.0
O'Brien Men's Neoprene Life Vest,3.495750855010882,2.931029122188828,16.501784151424708,134.54523868470204,0.5474660586589284,46.0,6220.320965903203,35742.661674784955,7.0,29.6907694791595,-84.8515665952425,6220.320965903203,34342.754067779046,1014.0,15.159634663248525,0.10149290131604312,85850.44818115867,49.97999954,0.12393615910742047,2.995284485438906,149.70431720932223,134.54523868470204,16.501784151424708,1014.0,46.0,49.97999954,0.0
Ogio Race Golf Shoes,3.3442622950819674,2.5737704918032787,29.673278565229506,154.16049181311476,0.6885245901639344,34.0,7394.475409836065,33480.91803278688,6.0,29.980799128196722,-82.95611359786886,7394.475409836065,62178.39344262295,743.0,15.829508265409837,0.09344262336065574,155498.90163934426,169.9900055,0.19147540927868853,1.0,169.9900055,154.16049181311476,29.673278565229506,743.0,34.0,169.9900055,0.0
Pelican Maverick 100X Kayak,3.375,2.9,26.764750430600003,313.1524902,0.625,48.0,6083.175,28213.45,7.0,27.766836023999996,-83.33634796525,6083.175,68114.475,1059.0,36.8375,0.1055000003,170296.925,349.9899902,0.0827500004,1.0,349.9899902,313.1524902,26.764750430600003,1059.0,48.0,349.9899902,0.0
Pelican Sunstream 100 Kayak,3.483032258064516,2.915483870967742,20.90815290453523,179.71084420967742,0.5478709677419354,48.0,6175.228774193549,36089.65116129032,7.0,29.73542118053613,-84.97509949852774,6175.228774193549,34517.371225806455,1073.0,20.27916129032258,0.1016735488872258,86286.47838709678,199.9900055,0.11657419353264516,1.0,199.9900055,179.71084420967742,20.90815290453523,1073.0,48.0,199.9900055,0.0
Perfect Fitness Perfect Rip Deck,3.5063838466245154,2.929512543340812,20.143924119199713,162.07139966432388,0.5495818886396084,17.0,6222.703242912503,35833.8219457475,4.0,29.661463780288397,-84.88611600909566,6222.703242912503,34313.719600244745,365.0,18.273227601109525,0.10159004740819906,85776.66624515603,59.990001680000006,0.12466041193098103,3.006241076891699,180.3444072420094,162.07139966432388,20.143924119199713,365.0,17.0,59.990001680000006,0.0
Polar FT4 Heart Rate Monitor,3.4833333333333334,2.85,57.94749952825,270.80916685166665,0.5333333333333333,38.0,6519.683333333333,39230.55,6.0,29.9569346115,-85.01971499016666,6519.683333333333,62775.01666666667,306.0,23.15850002465,0.07716666686666666,156984.58333333334,89.98999786,0.23983333365,3.2666666666666666,293.9673342346667,270.80916685166665,57.94749952825,306.0,38.0,89.98999786,0.0
Polar Loop Activity Tracker,3.759259259259259,3.2777777777777777,6.040740761333333,98.80222277944443,0.48148148148148145,38.0,5542.814814814815,43935.2037037037,6.0,32.03888504685185,-91.1502962461111,5542.814814814815,62621.37037037037,311.0,11.148333343777779,0.10166666716666667,156597.87037037036,109.94999689999999,0.060000001944444444,1.0,109.94999689999999,98.80222277944443,6.040740761333333,311.0,38.0,109.94999689999999,0.0
Porcelain crafts,3.5785123966942147,2.9442148760330578,52.750351364566114,414.67948415971074,0.5599173553719008,66.0,16684.636363636364,34756.09090909091,4.0,29.577904335206615,-84.26226015438017,16684.636363636364,73131.63636363637,1353.0,46.80051652973554,0.10169421536776858,176446.63636363635,461.480011,0.12539256169214874,1.0,461.480011,414.67948415971074,52.750351364566114,1353.0,66.0,461.480011,0.0
Rock music,3.4838709677419355,2.910138248847926,33.26340996048387,234.30251121244243,0.5714285714285714,71.0,17142.64746543779,35722.85023041475,9.0,29.85738502497696,-84.80390844069125,17142.64746543779,73589.64746543778,1358.0,26.34804171548848,0.10135944749769585,176904.6474654378,260.6499939,0.1426497685737327,1.0,260.6499939,234.30251121244243,33.26340996048387,1358.0,71.0,260.6499939,0.0
SOLE E25 Elliptical,4.0,3.0,-16.955999710000015,941.4899902,0.7,4.0,4835.7,44997.7,2.0,25.908821488,-92.909089663,4835.7,68812.7,60.0,58.5,0.059,172037.5,999.9899902,-0.03599999399999999,1.0,999.9899902,941.4899902,-16.955999710000015,60.0,4.0,999.9899902,0.0
SOLE E35 Elliptical,3.533333333333333,3.3333333333333335,-64.34133121066667,1760.6566566666665,0.4,10.0,5312.933333333333,27812.933333333334,3.0,27.74624532,-80.04449666933333,5312.933333333333,68801.66666666667,208.0,239.33333333333334,0.1200000006,172006.86666666667,1999.9899899999998,-0.030000001133333343,1.0,1999.9899899999998,1760.6566566666665,-64.34133121066667,208.0,10.0,1999.9899899999998,0.0
Smart watch ,3.4901960784313726,2.8711484593837535,35.06613478668908,294.2958305635854,0.5546218487394958,73.0,18300.285714285714,36094.882352941175,2.0,29.58774119002801,-85.77051495005603,18300.285714285714,74747.28571428571,1360.0,33.45582669614006,0.1023529416834734,178062.2857142857,327.75,0.12106442533613444,1.0,327.75,294.2958305635854,35.06613478668908,1360.0,73.0,327.75,0.0
Sports Books ,3.3901234567901235,2.8567901234567903,2.180271624182716,27.909679093185183,0.5654320987654321,59.0,13784.55061728395,33630.135802469136,8.0,29.939216590666668,-83.52948344637036,13784.55061728395,70231.55802469136,1346.0,3.170320970012346,0.10229629680493828,173546.55802469136,31.079999920000002,0.07906172919753086,1.0,31.079999920000002,27.909679093185183,2.180271624182716,1346.0,59.0,31.079999920000002,0.0
Stiga Master Series ST3100 Competition Indoor,3.4074074074074074,3.1481481481481484,17.751111704814814,302.0011127222222,0.5185185185185185,7.0,6295.148148148148,31320.703703703704,2.0,28.27187114296296,-83.39634421296296,6295.148148148148,68058.85185185185,127.0,27.988888864148148,0.08518518562962962,170156.25925925927,329.9899902,0.049259260888888885,1.0,329.9899902,302.0011127222222,17.751111704814814,127.0,7.0,329.9899902,0.0
Summer dresses,3.5384615384615383,2.8861538461538463,29.388999892436924,193.85681588676923,0.5646153846153846,76.0,19237.303076923075,36313.39076923077,4.0,30.01235714306154,-84.5117921923077,19237.303076923075,75684.30307692308,1363.0,21.963753429233847,0.10204615434923078,178999.30307692307,215.8200073,0.1510000000446154,1.0,215.8200073,193.85681588676923,29.388999892436924,1363.0,76.0,215.8200073,0.0
TYR Boys' Team Digi Jammer,3.46,3.03,12.196599958390001,104.78920080276667,0.5233333333333333,26.0,5896.18,34388.583333333336,5.0,29.530090446866666,-84.77913266553334,5896.18,27748.086666666666,572.0,12.51513344769,0.10673333364666668,69350.56333333334,39.99000168,0.11523333414666666,2.933333333333333,117.30400211133335,104.78920080276667,12.196599958390001,572.0,26.0,39.99000168,0.0
TaylorMade 2014 Purelite Stand Bag,3.5846153846153848,2.8615384615384616,11.233538626846155,162.0453850307692,0.5692307692307692,35.0,7016.7692307692305,34367.123076923075,6.0,28.096523726153844,-84.73628552046154,7016.7692307692305,62439.769230769234,786.0,17.944615481538463,0.10000000056923078,156149.66153846154,179.9900055,0.06384615295384616,1.0,179.9900055,162.0453850307692,11.233538626846155,786.0,35.0,179.9900055,0.0
TaylorMade White Smoke IN-12 Putter,3.7301587301587302,2.984126984126984,40.32380893592063,276.273172164127,0.5396825396825397,31.0,6319.841269841269,37554.206349206346,6.0,30.63831514095238,-85.15439339730159,6319.841269841269,62498.84126984127,677.0,30.045396835555554,0.09809523819047619,156302.0,99.98999786,0.16920634863492065,3.0634920634920637,306.31856972920633,276.273172164127,40.32380893592063,677.0,31.0,99.98999786,0.0
TaylorMade Women's RBZ SL Rescue,3.264705882352941,3.1176470588235294,19.04852913095588,116.60764548,0.4264705882352941,32.0,6531.14705882353,34935.10294117647,6.0,28.69858172382353,-82.57053840750001,6531.14705882353,62931.0,715.0,13.382352906264705,0.10323529522058823,157366.75,129.9900055,0.15500000027941174,1.0,129.9900055,116.60764548,19.04852913095588,715.0,32.0,129.9900055,0.0
Team Golf New England Patriots Putter Grip,3.498220640569395,2.9466192170818504,9.069679814597865,65.48636976960854,0.5516014234875445,40.0,6344.790035587189,39860.042704626336,6.0,30.51250473451957,-87.60168709736655,6344.790035587189,31269.25978647687,897.0,7.705195682551601,0.10494661961921709,78150.02846975089,24.98999977,0.1180427035266904,2.9288256227758005,73.19135166540924,65.48636976960854,9.069679814597865,897.0,40.0,24.98999977,0.0
Team Golf Pittsburgh Steelers Putter Grip,3.477966101694915,2.983050847457627,10.303491495494915,66.99338960338984,0.5559322033898305,40.0,6097.701694915254,32596.786440677966,6.0,28.901623904305087,-83.09836449264407,6097.701694915254,28680.989830508475,893.0,8.146237231250847,0.10837288182033898,71685.38983050847,24.98999977,0.15559322099661016,3.006779661016949,75.13942319274577,66.99338960338984,10.303491495494915,893.0,40.0,24.98999977,0.0
Team Golf San Francisco Giants Putter Grip,3.4760273972602738,2.8767123287671232,9.540856230993151,66.9574997085274,0.5547945205479452,40.0,6118.256849315068,37374.04109589041,6.0,30.247678254349317,-85.63276593808219,6118.256849315068,27963.784246575342,886.0,7.584760226417808,0.10068493205136987,69903.98287671233,24.98999977,0.13684931377054796,2.982876712328767,74.54208839315069,66.9574997085274,9.540856230993151,886.0,40.0,24.98999977,0.0
Team Golf St. Louis Cardinals Putter Grip,3.584664536741214,2.853035143769968,8.993993629233227,69.05491985635784,0.6293929712460063,40.0,6192.629392971246,38691.07028753994,6.0,30.07891042607029,-85.98373257261981,6192.629392971246,29302.872204472842,885.0,7.432236371105432,0.09638977682428115,73243.2428115016,24.98999977,0.11319488720766774,3.060702875399361,76.48696413785942,69.05491985635784,8.993993629233227,885.0,40.0,24.98999977,0.0
Team Golf Tennessee Volunteers Putter Grip,3.5,2.92,7.91683337379,68.1362996367,0.5566666666666666,40.0,6350.28,37126.94,6.0,29.5410272858,-85.61722176896666,6350.28,30150.25,906.0,8.083466614653332,0.10756666720333333,75352.91,24.98999977,0.12566666667333334,3.05,76.21949915613334,68.1362996367,7.91683337379,906.0,40.0,24.98999977,0.0
Team Golf Texas Longhorns Putter Grip,3.448160535117057,2.879598662207358,10.298695710163878,66.69284256240803,0.5652173913043478,40.0,6403.675585284281,31052.361204013378,6.0,29.3337321461204,-82.54764398862876,6403.675585284281,28707.0635451505,905.0,8.110167162183947,0.1054180610735786,71757.63210702341,24.98999977,0.14571906376588628,2.9933110367892977,74.80284224876254,66.69284256240803,10.298695710163878,905.0,40.0,24.98999977,0.0
The North Face Women's Recon Backpack,3.456140350877193,3.1052631578947367,49.189473057315794,280.55227982473684,0.5087719298245614,44.0,6150.649122807017,28903.508771929824,7.0,28.636015206842107,-82.7192868677193,6150.649122807017,62723.05263157895,981.0,33.81649118594736,0.11140350928070177,156850.0701754386,99.0,0.15526315805263158,3.175438596491228,314.36842105263156,280.55227982473684,49.189473057315794,981.0,44.0,99.0,0.0
Titleist Club Glove Travel Cover,3.7941176470588234,2.8823529411764706,38.5961761907353,268.18117297058825,0.6176470588235294,35.0,6320.058823529412,34188.85294117647,6.0,30.11807856794118,-84.22403380499999,6320.058823529412,68129.85294117648,768.0,31.808823529411764,0.10617647152941176,170334.17647058822,299.9899902,0.13999999726470588,1.0,299.9899902,268.18117297058825,38.5961761907353,768.0,35.0,299.9899902,0.0
Titleist Pro V1 High Numbers Personalized Gol,3.5136986301369864,2.8801369863013697,20.86695187731507,135.51339097561643,0.5993150684931506,37.0,5896.380136986301,39231.27739726027,6.0,30.794364890924662,-86.64238877571918,5896.380136986301,29331.55821917808,821.0,16.005582202979454,0.10469178123287672,73303.13698630137,51.99000168,0.15246575315753425,2.914383561643836,151.51880610479455,135.51339097561643,20.86695187731507,821.0,37.0,51.99000168,0.0
Titleist Pro V1x Golf Balls,3.415807560137457,3.020618556701031,12.713436338323024,128.2817524263574,0.5189003436426117,37.0,6152.601374570447,36091.017182130585,6.0,29.42687680305842,-84.89046263271477,6152.601374570447,28821.731958762888,818.0,14.039278499601375,0.09821305890034364,72038.21305841925,47.99000168,0.1009278337113402,2.9656357388316152,142.32086092247422,128.2817524263574,12.713436338323024,818.0,37.0,47.99000168,0.0
Titleist Pro V1x High Numbers Golf Balls,3.660377358490566,3.0754716981132075,17.32935858036981,129.93898126754718,0.5547169811320755,37.0,6265.577358490566,37694.46037735849,6.0,30.273283365283017,-85.99442000498114,6265.577358490566,29388.037735849055,822.0,14.936792639815094,0.10513207603018869,73452.4,47.99000168,0.12547169831320756,3.018867924528302,144.87547366928302,129.93898126754718,17.32935858036981,822.0,37.0,47.99000168,0.0
Titleist Pro V1x High Numbers Personalized Go,3.4379084967320264,2.9052287581699345,21.80094759671242,139.24496812944443,0.5555555555555556,37.0,6611.330065359477,37948.23529411765,6.0,30.333923608496733,-86.07221807915033,6611.330065359477,28832.84640522876,823.0,15.026241775509803,0.09872549083006536,72065.77450980392,51.99000168,0.14761437976470587,2.9673202614379086,154.2709851727451,139.24496812944443,21.80094759671242,823.0,37.0,51.99000168,0.0
Titleist Small Wheeled Travel Cover,3.7777777777777777,3.0185185185185186,18.734260257722223,225.01315364814815,0.6296296296296297,35.0,6170.037037037037,43778.666666666664,6.0,28.61403959851852,-88.52927921314814,6170.037037037037,63018.148148148146,773.0,24.97685185185185,0.10018518537037037,157600.11111111112,249.9900055,0.09499999962962963,1.0,249.9900055,225.01315364814815,18.734260257722223,773.0,35.0,249.9900055,0.0
Top Flite Women's 2014 XL Hybrid,3.5841584158415842,3.0297029702970297,6.040924079465347,52.73867955861386,0.5445544554455446,32.0,5935.260726072607,35554.96699669967,6.0,29.77393810722772,-85.10249799557755,5935.260726072607,29024.45874587459,703.0,5.78009899449835,0.09861386180528052,72544.68646864686,19.98999977,0.09867986830363036,2.927392739273927,58.5185802369967,52.73867955861386,6.040924079465347,703.0,32.0,19.98999977,0.0
Total Gym 1400,3.638888888888889,3.0,22.46166689944444,268.7816623916667,0.6388888888888888,17.0,6772.527777777777,33394.166666666664,4.0,28.568333573888893,-82.84961933805556,6772.527777777777,67916.61111111111,364.0,31.208333333333332,0.1044444451388889,169793.63888888888,299.9899902,0.0888888906111111,1.0,299.9899902,268.7816623916667,22.46166689944444,364.0,17.0,299.9899902,0.0
Toys ,3.5179584120982987,2.9659735349716447,1.702665407100189,10.369905421170133,0.5500945179584121,74.0,18326.954631379962,33138.34593572779,7.0,29.76096429120983,-83.51385994141776,18326.954631379962,74773.95463137997,1361.0,1.1706427203213612,0.10168242015689982,178088.95463137995,11.53999996,0.1619281655879017,1.0,11.53999996,10.369905421170133,1.702665407100189,1361.0,74.0,11.53999996,0.0
Under Armour Girls' Toddler Spine Surge Runni,3.4945841574832817,2.9167373080907977,11.893991739559292,107.44757999345107,0.552415936705284,29.0,6228.472261467457,35918.160026372796,5.0,29.752237385705,-84.83772173281906,6228.472261467457,34209.18743524536,627.0,12.085714534039464,0.10141094521672789,85516.33031929923,39.99000168,0.11250070631261185,2.989074126401055,119.53307630292737,107.44757999345107,11.893991739559292,627.0,29.0,39.99000168,0.0
Under Armour Hustle Storm Medium Duffle Bag,3.5752508361204014,2.9665551839464883,13.604046893551839,88.89451553207358,0.568561872909699,11.0,6062.886287625418,38795.0,3.0,30.809815034682273,-85.40526800311036,6062.886287625418,27814.38795986622,235.0,10.107558524207358,0.10140468290635452,69518.51839464883,34.99000168,0.1484949829966555,2.82943143812709,99.0018081658194,88.89451553207358,13.604046893551839,235.0,11.0,34.99000168,0.0
Under Armour Kids' Mercenary Slide,3.350597609561753,2.8725099601593627,9.689123613498008,79.8578486059761,0.5378486055776892,13.0,5923.705179282869,31498.23107569721,3.0,29.315618318127488,-82.40789068581672,5923.705179282869,27679.641434262947,273.0,8.79593628833466,0.09924302836254979,69187.78884462151,27.98999977,0.13601593532270917,3.1673306772908365,88.65358479513945,79.8578486059761,9.689123613498008,273.0,13.0,27.98999977,0.0
Under Armour Men's Compression EV SL Slide,3.282142857142857,2.8285714285714287,13.376214354485715,116.94700098828572,0.5285714285714286,13.0,6274.632142857143,31607.35714285714,3.0,28.5768246655,-82.58858815642857,6274.632142857143,27017.67142857143,278.0,13.684750268132143,0.10271428649999999,67533.83571428571,44.99000168,0.12914285796785713,2.9035714285714285,130.6316806237857,116.94700098828572,13.376214354485715,278.0,13.0,44.99000168,0.0
Under Armour Men's Tech II T-Shirt,3.6214285714285714,2.9357142857142855,8.526464306107142,66.83624966692857,0.6,5.0,6305.3892857142855,37899.203571428574,2.0,30.359234054607143,-86.25506657267857,6305.3892857142855,30271.375,93.0,7.687785660121429,0.10375000047857143,75665.17857142857,24.98999977,0.1301071422107143,2.982142857142857,74.52374929246429,66.83624966692857,8.526464306107142,93.0,5.0,24.98999977,0.0
Under Armour Women's Ignite PIP VI Slide,3.3473684210526318,2.6666666666666665,7.218280721494737,86.41357910480701,0.6,13.0,6005.849122807018,34344.81754385965,3.0,29.373163839578947,-84.61766997224561,6005.849122807018,28177.319298245613,282.0,8.770982480361402,0.09543859672280702,70416.18596491228,31.989999770000004,0.09645613973684211,2.975438596491228,95.18427997270176,86.41357910480701,7.218280721494737,282.0,13.0,31.989999770000004,0.0
Under Armour Women's Ignite Slide,3.64951768488746,3.0385852090032155,12.959421204823151,84.98151149890674,0.5562700964630225,13.0,5797.327974276527,36822.154340836016,3.0,31.001526412765276,-85.96039473511254,5797.327974276527,27877.340836012863,276.0,9.548649557681673,0.10225080428938907,69681.45980707396,31.98999977,0.14192925987138263,2.954983922829582,94.52993497839228,84.98151149890674,12.959421204823151,276.0,13.0,31.98999977,0.0
Under Armour Women's Micro G Skulpt Running S,3.4494773519163764,2.759581881533101,15.574111512261325,146.10881502574912,0.5714285714285714,12.0,6090.76306620209,38843.0905923345,3.0,29.23954402181185,-86.05520574024389,6090.76306620209,30121.982578397212,249.0,16.11996519672474,0.10034843258885016,75284.89547038327,54.97000122,0.11721254291637631,2.951219512195122,162.22854018933796,146.10881502574912,15.574111512261325,249.0,12.0,54.97000122,0.0
Web Camera,3.3378378378378377,2.6925675675675675,51.16520261088682,406.2443902309122,0.581081081081081,62.0,13380.50168918919,38756.42398648649,10.0,29.728161209797296,-86.45247928579391,13380.50168918919,69827.50168918919,1349.0,45.79560867547128,0.10158783835304054,173142.5016891892,452.0400085,0.12646959391554052,1.0,452.0400085,406.2443902309122,51.16520261088682,1349.0,62.0,452.0400085,0.0
Yakima DoubleDown Ace Hitch Mount 4-Bike Rack,3.796875,2.984375,16.43437511828125,168.7860937046875,0.578125,10.0,5940.109375,46704.65625,3.0,29.845871389375,-90.3716634540625,5940.109375,63292.65625,216.0,20.214374992109374,0.10718750059375,158251.578125,189.0,0.10265624871875,1.0,189.0,168.7860937046875,16.43437511828125,216.0,10.0,189.0,0.0
adidas Brazuca 2014 Official Match Ball,3.353846153846154,2.8923076923076922,25.272769217292307,144.40846111076922,0.5538461538461539,3.0,6444.553846153846,30724.553846153845,2.0,28.350912711230766,-82.40359250538461,6444.553846153846,62548.35384615385,35.0,15.581538477415384,0.09769230812307693,156419.56923076924,159.9900055,0.17553845946153845,1.0,159.9900055,144.40846111076922,25.272769217292307,35.0,3.0,159.9900055,0.0
adidas Kids' F5 Messi FG Soccer Cleat,3.4618320610687023,2.7938931297709924,11.092862736324427,93.99431378824427,0.5916030534351145,3.0,6094.347328244275,38469.98854961832,2.0,29.614812174541985,-86.25526678721374,6094.347328244275,30482.748091603054,37.0,10.308091622347328,0.09900763389694657,76190.14503816795,34.99000168,0.12625954234351144,2.980916030534351,104.30225397007634,93.99431378824427,11.092862736324427,37.0,3.0,34.99000168,0.0
adidas Men's F10 Messi TRX FG Soccer Cleat,3.5114754098360654,2.9737704918032786,26.92809846358033,165.0957726812131,0.5180327868852459,3.0,5894.622950819672,34784.37049180328,2.0,29.45521624245902,-83.93162429232787,5894.622950819672,28367.21967213115,44.0,19.594983816062296,0.10744262358032786,70898.79344262295,59.99000168,0.13999999933442622,3.078688524590164,184.6905299832131,165.0957726812131,26.92809846358033,44.0,3.0,59.99000168,0.0
adidas Men's Germany Black Crest Away Tee,3.6920415224913494,2.934256055363322,9.80525951815225,66.71252589269896,0.6089965397923875,26.0,6384.778546712802,33735.989619377164,5.0,29.464765681245673,-82.41847007287197,6384.778546712802,28231.003460207612,567.0,7.595743946539793,0.10141868542906574,70560.18685121107,25.0,0.13602076126297577,2.972318339100346,74.30795847750865,66.71252589269896,9.80525951815225,567.0,26.0,25.0,0.0
adidas Youth Germany Black/Red Away Match Soc,3.4426751592356686,2.949044585987261,25.889808864031846,194.38821658955413,0.5159235668789809,26.0,6215.101910828025,34457.21337579618,5.0,28.910109344171975,-84.54460937152867,6215.101910828025,28561.62101910828,565.0,21.630891680719746,0.09952229349681528,71391.3694267516,70.0,0.10541401208598727,3.0859872611464967,216.01910828025478,194.38821658955413,25.889808864031846,565.0,26.0,70.0,0.0
insta-bed Neverflat Air Mattress,3.25,2.9,17.276999922433333,133.52750246,0.5,44.0,6567.483333333334,39178.63333333333,7.0,29.738091818333334,-86.14502041850001,6567.483333333334,62320.583333333336,982.0,16.4625,0.11000000068333333,155862.26666666666,149.9900055,0.1311666664166667,1.0,149.9900055,133.52750246,17.276999922433333,982.0,44.0,149.9900055,0.0
